data,stato,codice_regione,denominazione_regione,lat,long,ricoverati_con_sintomi,terapia_intensiva,totale_ospedalizzati,isolamento_domiciliare,totale_positivi,variazione_totale_positivi,nuovi_positivi,dimessi_guariti,deceduti,casi_da_sospetto_diagnostico,casi_da_screening,totale_casi,tamponi,casi_testati,note,ingressi_terapia_intensiva,note_test,note_casi,totale_positivi_test_molecolare,totale_positivi_test_antigenico_rapido,tamponi_test_molecolare,tamponi_test_antigenico_rapido,codice_nuts_1,codice_nuts_2
2022-01-17T17:00:00,ITA,13,Abruzzo,42.35122196,13.39843823,398,35,433,69441,69874,796,1527,95384,2705,,,167963,4122732,1097743,Dal totale dei positivi sono stati eliminati 2 casi in quanto non pazienti covid.,1,,,121468,46495,1831745,2290987,ITF,ITF1
2022-01-17T17:00:00,ITA,17,Basilicata,40.63947052,15.80514834,88,2,90,13789,13879,-137,144,34167,658,,,48704,600754,277943,"Alla data odierna, il dato relativo al valore giornaliero dei ""Casi identificati da test antigenico"" risulta uguale a 0, in quanto, pur essendo somministrati, i test rapidi risultati positivi sono tutti ritestati con tamponi processati con test molecolare. Il numero totale dei decessi ne comprende n. 23 a carico di pazienti non residenti, deceduti in strutture ospedaliere della Regione Basilicata.   ",0,,,48704,0,557295,43459,ITF,ITF5
2022-01-17T17:00:00,ITA,18,Calabria,38.90597598,16.59440194,438,35,473,36659,37132,172,1693,107927,1731,,,146790,1865162,1471273,,3,,"L'Asp di Cosenza comunica 312 nuovi soggetti positivi di cui 2  fuori regione 				 L' Asp di Vibo Valentia comunica ""per mero errore di trascrizione ieri sono stati comunicati 9 ricoveri in più""				",138897,7893,1354042,511120,ITF,ITF6
2022-01-17T17:00:00,ITA,15,Campania,40.83956555,14.25084984,1311,92,1403,242545,243948,-5258,9370,598428,8744,,,851120,11110749,4175974,,17,,"a seguito delle verifiche quotidiane, si evince che 6 decessi registrati oggi, risalgono al giorno 14/01/2022",756182,94938,7197180,3913569,ITF,ITF3
2022-01-17T17:00:00,ITA,08,Emilia-Romagna,44.49436681,11.3417208,2456,149,2605,309085,311690,8291,11189,490346,14577,,,816613,12621740,2501658,"Sono stati eliminati 10 casi, comunicati nei giorni precedenti, in quanto giudicati non casi COVID-19. In seguito a verifica sui dati comunicati nei giorni passati é stato eliminato 1 deceduto dalla provincia di Parma, inserito erroneamente.",7,,,663646,152967,7754349,4867391,ITH,ITH5
2022-01-17T17:00:00,ITA,06,Friuli Venezia Giulia,45.6494354,13.76813649,399,42,441,48860,49301,892,1757,156199,4355,,,209855,4904576,1010044,"Il totale dei casi positivi è stato ridotto di 4 a seguito di 4 tamponi molecolari negativi dopo test antigenico positivo (1 caso relativo alla provincia di PN e 3 casi relativi alla provincia di UD).		 Si precisa che, dei 399 casi ricoverati in area medica, 21 casi sono ricoverati in ospedale per condizioni cliniche diverse da covid e risultati positivi sono attualmente isolati in reparti non covid.",2,,,156314,53541,2785205,2119371,ITH,ITH4
2022-01-17T17:00:00,ITA,12,Lazio,41.89277044,12.48366722,1789,204,1993,219540,221533,1328,6447,471008,9535,,,702076,14433499,5154602,,5,,,636468,65608,7331384,7102115,ITI,ITI4
2022-01-17T17:00:00,ITA,07,Liguria,44.41149315,8.9326992,724,42,766,29008,29774,1795,2496,189298,4729,,,223801,3919695,1115611,"Si precisa che nel flusso informativo degli ospedalizzati in Area Medica e Terapia Intensiva sono conteggiati tutti i pazienti SARS-CoV2 positivi ricoverati sia per patologia Covid-19 correlata sia per altre causa. Inoltre, si fa presente che i pazienti attualmente ospedalizzati per patologia non Covid-19 correlata ammontano a circa il 30% del totale degli ospedalizzati positivi per SARS-CoV2.",4,,*di cui 3572 reinfezioni a partire dal 3/09/2021 [circ. min sal. n.37911 del 20/08/2021].,181498,42303,2110057,1809638,ITC,ITC3
2022-01-17T17:00:00,ITA,03,Lombardia,45.46679409,9.190347404,3649,267,3916,541537,545453,-12998,9883,1203382,35992,,,1784827,27948303,7290339,,10,,,1162061,622766,13877798,14070505,ITC,ITC4
2022-01-17T17:00:00,ITA,11,Marche,43.61675973,13.5188753,279,64,343,16407,16750,-643,2012,164270,3314,,,184334,2252962,1367443,,3,,,171577,12757,1757652,495310,ITI,ITI3
2022-01-17T17:00:00,ITA,14,Molise,41.55774754,14.65916051,25,1,26,8138,8164,397,440,15618,516,,,24298,367304,331370,,0,,,20003,4295,328504,38800,ITF,ITF2
2022-01-17T17:00:00,ITA,21,P.A. Bolzano,46.49933453,11.35662422,95,16,111,22192,22303,103,1347,104875,1331,,,128509,3211593,583988,si comunica 1 storno di paziente positivo al Ag ma successivamente con PCR di conferma negativo.,0,,,83880,44629,807731,2403862,ITH,ITH1
2022-01-17T17:00:00,ITA,22,P.A. Trento,46.06893511,11.12123097,137,21,158,27123,27281,-103,885,66215,1449,,,94945,2054651,496580,,0,,,40516,54429,803465,1251186,ITH,ITH2
2022-01-17T17:00:00,ITA,01,Piemonte,45.0732745,7.680687483,2062,145,2207,165296,167503,208,9564,523656,12313,,,703472,12642443,3358493,,14,,,426357,277115,4351004,8291439,ITC,ITC1
2022-01-17T17:00:00,ITA,16,Puglia,41.12559576,16.86736689,615,63,678,123077,123755,5448,6652,309584,7064,,,440403,6847168,1889185,,4,,,365604,74799,3572903,3274265,ITF,ITF4
2022-01-17T17:00:00,ITA,20,Sardegna,39.21531192,9.110616306,238,28,266,21197,21463,447,1007,84984,1766,,,108213,2980996,1319167,,3,,Si segnala il decesso dei paz.:  - 1 uomo 95 aa Residente nella Provincia di Sassari  - 1 uomo 82 aa Residente nella Provincia di Sassari  - 1 uomo 93 aa Residente nella Provincia del Sud Sardegna  - 1 uomo 78 aa Residente nella Provincia di Oristano  - 1 uomo 67 aa Residente nella Provincia del Sud Sardegna  - 1 uomo 54 aa Residente nella Provincia del Sud Sardegna ,108109,104,1594464,1386532,ITG,ITG2
2022-01-17T17:00:00,ITA,19,Sicilia,38.11569725,13.3623567,1392,170,1562,175192,176754,3065,4037,341967,7938,,,526659,9199795,3657606,DECEDUTI: N. 1 IL 17/01/22 - N. 5 IL 16/01/22 - N. 12 IL 15/01/22 - N. 5 IL 14/01/22,15,,,445752,80907,4073240,5126555,ITG,ITG1
2022-01-17T17:00:00,ITA,09,Toscana,43.76923077,11.25588885,1303,138,1441,177330,178771,327,5626,400407,7863,,,587041,10155304,3947366,,14,,,444743,142298,5796672,4358632,ITI,ITI1
2022-01-17T17:00:00,ITA,10,Umbria,43.10675841,12.38824698,216,12,228,27452,27680,-1005,774,99428,1562,,,128670,3199342,596117,Si fa presente che 4 dei ricoveri non UTI appartengono ai codici disciplina di Ostetricia & Ginecologia e Pediatria.,1,,,97941,30729,1415177,1784165,ITI,ITI2
2022-01-17T17:00:00,ITA,02,Valle d'Aosta,45.73750286,7.320149366,69,8,77,5919,5996,-36,172,17629,496,,,24121,401624,120021,,0,,,14580,9541,130381,271243,ITC,ITC2
2022-01-17T17:00:00,ITA,05,Veneto,45.43490485,12.33845213,1545,183,1728,254546,256274,3332,6381,618861,12753,,,887888,21498103,2560266,Nei valori riportati per le terapie intensive si è verificato un disallineamento temporale del flusso informativo pertanto per convenzione è stato riportato  7 dimessi da TI  invece del n. 8 effettivi che include anche i negativizzati.,19,,,646760,241128,8701125,12796978,ITH,ITH3
