data,stato,codice_regione,denominazione_regione,lat,long,ricoverati_con_sintomi,terapia_intensiva,totale_ospedalizzati,isolamento_domiciliare,totale_positivi,variazione_totale_positivi,nuovi_positivi,dimessi_guariti,deceduti,casi_da_sospetto_diagnostico,casi_da_screening,totale_casi,tamponi,casi_testati,note,ingressi_terapia_intensiva,note_test,note_casi,totale_positivi_test_molecolare,totale_positivi_test_antigenico_rapido,tamponi_test_molecolare,tamponi_test_antigenico_rapido,codice_nuts_1,codice_nuts_2
2023-09-26T17:00:00,ITA,13,Abruzzo,42.35122196,13.39843823,57,0,57,2045,2102,61,184,660702,3993,,,666797,7570181,1381865,"Il dato ''incremento casi confermati'' è composto da 184, cioè 103 ''nuovi positivi'' e 81 ''reinfezioni''. ",0,,,254406,412391,2628762,4941419,ITF,ITF1
2023-09-26T17:00:00,ITA,17,Basilicata,40.63947052,15.80514834,20,0,20,8871,8891,18,20,191371,1041,,,201303,1356787,407793,Il dato relativo al numero dei “Casi in isolamento domiciliare” ed ai “Guariti” è in corso di revisione.,0,,,71268,130035,703894,652893,ITF,ITF5
2023-09-26T17:00:00,ITA,18,Calabria,38.90597598,16.59440194,86,9,95,1672,1767,75,176,639852,3506,,,645125,4448522,3471733,,1,,,203529,441596,1945198,2503324,ITF,ITF6
2023-09-26T17:00:00,ITA,15,Campania,40.83956555,14.25084984,120,6,126,25665,25791,149,1104,2454626,11984,,,2492401,21265458,5453032,,1,,,957577,1534824,9684442,11581016,ITF,ITF3
2023-09-26T17:00:00,ITA,08,Emilia-Romagna,44.49436681,11.3417208,485,16,501,5259,5760,35,310,2142734,19579,,,2168073,19780747,2992503,,6,,,1094312,1073761,10770495,9010252,ITH,ITH5
2023-09-26T17:00:00,ITA,06,Friuli Venezia Giulia,45.6494354,13.76813649,104,2,106,731,837,15,159,578446,6208,,,585491,7807975,1270318,,1,,,240721,344770,3875764,3932211,ITH,ITH4
2023-09-26T17:00:00,ITA,12,Lazio,41.89277044,12.48366722,206,14,220,31347,31567,362,1094,2403387,13029,,,2447983,26979363,6211431,,2,,,1040699,1407284,9742884,17236479,ITI,ITI4
2023-09-26T17:00:00,ITA,07,Liguria,44.41149315,8.9326992,125,2,127,0,127,7,164,667554,5961,,,673642,7032639,1532988,,0,,*di cui 54398  reinfezioni a partire dal 3/09/2021 [circ. min sal. n.37911 del 20/08/2021].,287352,386290,2707902,4324737,ITC,ITC3
2023-09-26T17:00:00,ITA,03,Lombardia,45.46679409,9.190347404,230,4,234,9166,9400,-592,2059,4144211,46207,,,4199818,46187026,9334329,,0,,,1543302,2656516,17147155,29039871,ITC,ITC4
2023-09-26T17:00:00,ITA,11,Marche,43.61675973,13.5188753,68,1,69,0,69,0,135,718276,4464,,,722809,3767197,2764905,,0,,,223121,499688,2019745,1747452,ITI,ITI3
2023-09-26T17:00:00,ITA,14,Molise,41.55774754,14.65916051,7,0,7,423,430,17,16,102235,747,,,103412,832956,784494,,0,,,30072,73340,547200,285756,ITF,ITF2
2023-09-26T17:00:00,ITA,21,P.A. Bolzano,46.49933453,11.35662422,21,0,21,0,21,1,41,295626,1627,,,297274,5612721,869195,"41 nuovi positivi di cui 0 test antigenici confermati da test molecolare, 40 casi diagnosticati con test antigenico e 1 nuovi positivi al test PCR. ",0,,"41 nuovi positivi di cui 0 test antigenici confermati da test molecolare, 40 casi diagnosticati con test antigenico e 1 nuovi positivi al test PCR. ",87221,210053,940654,4672067,ITH,ITH1
2023-09-26T17:00:00,ITA,22,P.A. Trento,46.06893511,11.12123097,25,0,25,368,393,24,64,245639,1657,,,247689,3065148,607673,,0,,,45262,202427,876644,2188504,ITH,ITH2
2023-09-26T17:00:00,ITA,01,Piemonte,45.0732745,7.680687483,211,5,216,33449,33665,175,825,1701571,13868,,,1749104,22050863,4461542,,1,,,518471,1230633,5141168,16909695,ITC,ITC1
2023-09-26T17:00:00,ITA,16,Puglia,41.12559576,16.86736689,60,1,61,4402,4463,168,391,1636384,9852,,,1650699,14280437,2976167,,0,,,513978,1136721,4878372,9402065,ITF,ITF4
2023-09-26T17:00:00,ITA,20,Sardegna,39.21531192,9.110616306,143,1,144,7139,7283,86,184,511915,2970,,,522168,5518507,1765793,Si segnala che i dati sui ricoveri fanno riferimento all'ultima rilevazione inviata dal bed manager regionale in data 13.09.2023,0,,,180345,341823,2245472,3273035,ITG,ITG2
2023-09-26T17:00:00,ITA,19,Sicilia,38.11569725,13.3623567,174,11,185,4526,4711,34,35,1814636,12881,,,1832228,16939514,11276064,,1,,,541213,1291015,5475495,11464019,ITG,ITG1
2023-09-26T17:00:00,ITA,09,Toscana,43.76923077,11.25588885,237,3,240,3042,3282,24,558,1603091,12054,,,1618427,17022128,5440022,,0,,,721412,897015,7114321,9907807,ITI,ITI1
2023-09-26T17:00:00,ITA,10,Umbria,43.10675841,12.38824698,76,2,78,1396,1474,-50,122,443872,2506,,,447852,5108823,821161,- Si fa presente che 2 dei ricoveri non UTI appartengono ai codici disciplina di Ostetricia & Ginecologia e Pediatria. - Si fa presente che 43 dei ricoveri non UTI appartengono ad altri codici disciplina.,0,,,160007,287845,1760417,3348406,ITI,ITI2
2023-09-26T17:00:00,ITA,02,Valle d'Aosta,45.73750286,7.320149366,12,0,12,76,88,20,38,50543,575,,,51206,597435,147354,,0,,,16280,34926,146072,451363,ITC,ITC2
2023-09-26T17:00:00,ITA,05,Veneto,45.43490485,12.33845213,232,7,239,14550,14789,-3545,1155,2720915,16975,,,2752679,38442654,5378505,Nei valori riportati per le terapie intensive si è verificato un disallineamento temporale del flusso informativo pertanto per convenzione è stato riportato  3 dimessi da TI  invece del n. 2 effettivi che include anche i negativizzati.,2,,,1093631,1659048,11916356,26526298,ITH,ITH3
