data,stato,codice_regione,denominazione_regione,lat,long,ricoverati_con_sintomi,terapia_intensiva,totale_ospedalizzati,isolamento_domiciliare,totale_positivi,variazione_totale_positivi,nuovi_positivi,dimessi_guariti,deceduti,casi_da_sospetto_diagnostico,casi_da_screening,totale_casi,tamponi,casi_testati,note,ingressi_terapia_intensiva,note_test,note_casi,totale_positivi_test_molecolare,totale_positivi_test_antigenico_rapido,tamponi_test_molecolare,tamponi_test_antigenico_rapido,codice_nuts_1,codice_nuts_2
2022-01-13T17:00:00,ITA,13,Abruzzo,42.35122196,13.39843823,349,37,386,60361,60747,3127,3610,92004,2681,,,155432,4011268,1087112,Dal totale dei positivi sono stati eliminati 2 casi in quanto non pazienti Covid.,7,,,116029,39403,1803465,2207803,ITF,ITF1
2022-01-13T17:00:00,ITA,17,Basilicata,40.63947052,15.80514834,79,1,80,12557,12637,729,965,33046,648,,,46331,581072,275415,"Alla data odierna, il dato relativo al valore giornaliero dei ""Casi identificati da test antigenico"" risulta uguale a 0, in quanto, pur essendo somministrati, i test rapidi risultati positivi sono tutti ritestati con tamponi processati con test molecolare. Il numero totale dei decessi ne comprende n. 23 a carico di pazienti non residenti, deceduti in strutture ospedaliere della Regione Basilicata.   ",1,,,46331,0,549648,31424,ITF,ITF5
2022-01-13T17:00:00,ITA,18,Calabria,38.90597598,16.59440194,399,33,432,32061,32493,1632,3207,102391,1700,,,136584,1820073,1441521,"L'Asp di Cosenza comunica nel setting fuori regione si registrano 4 nuovi casi a domicilio. L'Asp di Crotone comunica: ""Rispetto al totale di 1101 casi registrati in data odierna, 1030 si riferiscono a test antigenici eseguiti nei giorni precedenti. I positivi che rientrano nella settimana dal 2 al 6 gennaio 2021 sono pari a 292.""",3,,,130954,5630,1333119,486954,ITF,ITF6
2022-01-13T17:00:00,ITA,15,Campania,40.83956555,14.25084984,1154,79,1233,217721,218954,13552,24451,556465,8670,,,784089,10744628,4111380,,17,,"a seguito delle verifiche quotidiane si evince che 10 decessi registrati oggi, risalgono ad un periodo compreso tra il 03/01 e il 10/01 2022",728021,56068,7052760,3691868,ITF,ITF3
2022-01-13T17:00:00,ITA,08,Emilia-Romagna,44.49436681,11.3417208,2258,151,2409,257055,259464,16779,20648,477021,14486,,,750971,12376070,2474069,"Sono stati eliminati 7 casi, comunicati nei giorni precedenti, in quanto giudicati non casi COVID-19.",14,,,631185,119786,7646878,4729192,ITH,ITH5
2022-01-13T17:00:00,ITA,06,Friuli Venezia Giulia,45.6494354,13.76813649,369,41,410,42424,42834,2079,4039,148840,4312,,,195986,4810175,999674,"Il totale dei casi positivi è stato ridotto di 28 a seguito di 9 tamponi molecolari negativi dopo test antigenico positivo (3 casi relativi alla provincia di PN, 1 caso relativo alla provincia di TS e 5 casi relativi alla provincia di UD  ) e a seguito di 19 test positivi rimossi dopo revisione dei casi (2 casi relativi alla provincia di TS, 1 caso proveniente da fuori regione,  2 casi provenienti dalla provincia di GO, 3 casi relativi alla provincia di PN e 11 casi relativi alla provincia di UD ).		",7,,,151781,44205,2752505,2057670,ITH,ITH4
2022-01-13T17:00:00,ITA,12,Lazio,41.89277044,12.48366722,1620,204,1824,192579,194403,6031,10272,451357,9472,,,655232,14081356,5126494,,16,,,602644,52588,7241290,6840066,ITI,ITI4
2022-01-13T17:00:00,ITA,07,Liguria,44.41149315,8.9326992,676,40,716,22020,22736,2252,5692,178209,4694,,,205639,3820122,1097157,Si precisa che nel flusso informativo degli ospedalizzati in Area Medica e in Terapia Intensiva sono conteggiati tutti i pazienti SARS-CoV2 positivi ricoverati sia per patologia Covid-19 correlata sia per altre causa.,4,,*di cui 2811 reinfezioni a partire dal 3/09/2021 [circ. min sal. n.37911 del 20/08/2021]. ,176396,29243,2089748,1730374,ITC,ITC3
2022-01-13T17:00:00,ITA,03,Lombardia,45.46679409,9.190347404,3452,257,3709,574548,578257,27761,39683,1067147,35662,,,1681066,27249089,7196405,,21,,,1127963,553103,13690844,13558245,ITC,ITC4
2022-01-13T17:00:00,ITA,11,Marche,43.61675973,13.5188753,266,59,325,10576,10901,-52,1955,153174,3301,,,167376,2185228,1310463,,1,,"Il giorno 12 è stata firmata nella Regione Marche la circolare per il conteggio della positività anche solo con il percorso antigenico, i dati in data odierna ancora non contengono il flusso antigenico che verrà inserito dalla data del 14 gennaio 2022",167376,0,1728863,456365,ITI,ITI3
2022-01-13T17:00:00,ITA,14,Molise,41.55774754,14.65916051,18,2,20,6459,6479,592,727,15284,513,,,22276,352611,317059,,1,,,19612,2664,323507,29104,ITF,ITF2
2022-01-13T17:00:00,ITA,21,P.A. Bolzano,46.49933453,11.35662422,74,16,90,18524,18614,2644,2651,100292,1325,,,120231,3161268,578037,,2,,"2651 nuovi positivi di cui 15 test antigenici confermati da test molecolare e 2257 test antigenici. A questi sono stati sottratti 3 storni di pazienti positivi al test antigenico ma negativi a test molecolare eseguito entro 3 giorni, per un totale netto di 2254 positivi a test antigenico comunicati ",82628,37603,799402,2361866,ITH,ITH1
2022-01-13T17:00:00,ITA,22,P.A. Trento,46.06893511,11.12123097,128,25,153,26506,26659,1132,2357,59496,1442,,,87597,2009760,490842,,1,,,40125,47472,798158,1211602,ITH,ITH2
2022-01-13T17:00:00,ITA,01,Piemonte,45.0732745,7.680687483,1930,146,2076,158518,160594,3780,14741,483273,12225,,,656092,12297287,3297724,,16,,,420368,235724,4306367,7990920,ITC,ITC1
2022-01-13T17:00:00,ITA,16,Puglia,41.12559576,16.86736689,495,53,548,62353,62901,-2880,3218,300754,7039,,,370694,6589994,1855595,,4,,,351125,19569,3513663,3076331,ITF,ITF4
2022-01-13T17:00:00,ITA,20,Sardegna,39.21531192,9.110616306,231,28,259,18169,18428,580,1296,82668,1754,,,102850,2907659,1303031,,3,,Si segnala il decesso dei paz.:  - 1 donna 88 aa Residente nella Città Metropolitana di Cagliari ,102746,104,1574261,1333398,ITG,ITG2
2022-01-13T17:00:00,ITA,19,Sicilia,38.11569725,13.3623567,1300,163,1463,149003,150466,9543,11354,336529,7791,,,494786,9027770,3487728,DECEDUTI: N. 1 IL 13/01/22 - N. 4 IL 12/01/22 - N. 17 IL 11/01/22 - N. 2 IL 08/01/22 - N. 2 IL 07/01/22,11,,,437809,56977,4034377,4993393,ITG,ITG1
2022-01-13T17:00:00,ITA,09,Toscana,43.76923077,11.25588885,1173,123,1296,179618,180914,2200,13151,358819,7775,,,547508,9912470,3889487,,7,,,427308,120200,5715108,4197362,ITI,ITI1
2022-01-13T17:00:00,ITA,10,Umbria,43.10675841,12.38824698,214,12,226,34818,35044,720,2068,85337,1546,,,121927,3142570,587132,"- Si fa presente che 5 dei ricoveri non UTI appartengono ai codici disciplina di Ostetricia & Ginecologia e Pediatria.  - Si fa presente che due dei ricoveri comunicati oggi, non sono riferiti alla giornata di ieri, ma sono frutto di un allineamento dei sistemi informativi ",0,,,95291,26636,1403083,1739487,ITI,ITI2
2022-01-13T17:00:00,ITA,02,Valle d'Aosta,45.73750286,7.320149366,53,7,60,5788,5848,307,574,16120,493,,,22461,392621,118621,,2,,,14554,7907,129838,262783,ITC,ITC2
2022-01-13T17:00:00,ITA,05,Veneto,45.43490485,12.33845213,1410,191,1601,222544,224145,8950,17956,593713,12659,,,830517,21046121,2539358,Nei valori riportati per le terapie intensive si è verificato un disallineamento temporale del flusso informativo pertanto per convenzione è stato riportato  16 dimessi da TI  invece del n. 15 effettivi che include anche i negativizzati.,18,,,636441,194076,8612108,12434013,ITH,ITH3
