data,stato,codice_regione,denominazione_regione,lat,long,ricoverati_con_sintomi,terapia_intensiva,totale_ospedalizzati,isolamento_domiciliare,totale_positivi,variazione_totale_positivi,nuovi_positivi,dimessi_guariti,deceduti,casi_da_sospetto_diagnostico,casi_da_screening,totale_casi,tamponi,casi_testati,note,ingressi_terapia_intensiva,note_test,note_casi,totale_positivi_test_molecolare,totale_positivi_test_antigenico_rapido,tamponi_test_molecolare,tamponi_test_antigenico_rapido,codice_nuts_1,codice_nuts_2
2024-05-07T17:00:00,ITA,13,Abruzzo,42.35122196,13.39843823,2,0,2,834,836,0,0,684195,4093,,,689124,7709330,1393865,,0,,,264195,424929,2650944,5058386,ITF,ITF1
2024-05-07T17:00:00,ITA,17,Basilicata,40.63947052,15.80514834,0,0,0,9873,9873,0,1,191613,1055,,,202541,1377713,411321,Il dato relativo al numero dei “Casi in isolamento domiciliare” ed ai “Guariti” non è reale ed è in corso di revisione.,0,,,71288,131253,704044,673669,ITF,ITF5
2024-05-07T17:00:00,ITA,18,Calabria,38.90597598,16.59440194,1,0,1,3398,3399,-34,1,648211,3677,,,655287,4551341,3565458,,0,,,204362,450925,1965611,2585730,ITF,ITF6
2024-05-07T17:00:00,ITA,15,Campania,40.83956555,14.25084984,71,3,74,4567,4641,0,10,2531864,12145,,,2548650,21990060,5539392,,0,,,959964,1588686,9763377,12226683,ITF,ITF3
2024-05-07T17:00:00,ITA,08,Emilia-Romagna,44.49436681,11.3417208,46,3,49,171,220,8,8,2190450,20039,,,2210709,20143541,3005485,"Il dato odierno dei casi per la provincia, risultato negativo rispetto a quello comunicato ieri, è determinato dalla revisione delle posizioni anagrafiche dei casi precedentemente inseriti.",0,,,1100164,1110545,10831993,9311548,ITH,ITH5
2024-05-07T17:00:00,ITA,06,Friuli Venezia Giulia,45.6494354,13.76813649,4,0,4,279,283,3,3,592014,6458,,,598755,7894837,1281224,,0,,,242496,356259,3898011,3996826,ITH,ITH4
2024-05-07T17:00:00,ITA,12,Lazio,41.89277044,12.48366722,59,3,62,60815,60877,7,17,2457627,13269,,,2531773,27639268,6286477,,0,,,1043044,1488729,9763717,17875551,ITI,ITI4
2024-05-07T17:00:00,ITA,07,Liguria,44.41149315,8.9326992,9,0,9,0,9,2,1,684186,6019,,,690214,7157767,1551902,"Si segnala che in seguito all’automatizzazione nella gestione dei database relativi alla sorveglianza COVID-19, sono possibili variazioni delle anagrafiche che possono generare eventuali riduzioni rispetto ai dati comunicati nelle giornate precedenti.",0,,*di cui 61053  reinfezioni a partire dal 3/09/2021 [circ. min sal. n.37911 del 20/08/2021].,288507,401707,2715371,4442396,ITC,ITC3
2024-05-07T17:00:00,ITA,03,Lombardia,45.46679409,9.190347404,27,1,28,260,288,-26,50,4292262,47907,,,4340457,47298650,9480408,,1,,,1553330,2787127,17217270,30081380,ITC,ITC4
2024-05-07T17:00:00,ITA,11,Marche,43.61675973,13.5188753,0,1,1,0,1,0,1,732490,4560,,,737051,3806778,2804486,,0,,,223418,513633,2020964,1785814,ITI,ITI3
2024-05-07T17:00:00,ITA,14,Molise,41.55774754,14.65916051,0,0,0,2,2,0,0,104776,798,,,105576,854967,805682,,0,,,31120,74456,556027,298940,ITF,ITF2
2024-05-07T17:00:00,ITA,21,P.A. Bolzano,46.49933453,11.35662422,1,0,1,0,1,0,0,299365,1670,,,301036,5629221,871164,"0 nuovi positivi di cui 0 test antigenici confermati da test molecolare, 0 casi diagnosticati con test antigenico e 0 nuovi positivi al test PCR.",0,,"0 nuovi positivi di cui 0 test antigenici confermati da test molecolare, 0 casi diagnosticati con test antigenico e 0 nuovi positivi al test PCR.",87652,213384,945164,4684057,ITH,ITH1
2024-05-07T17:00:00,ITA,22,P.A. Trento,46.06893511,11.12123097,0,0,0,5,5,1,1,251804,1681,,,253490,3095910,610433,,0,,,45812,207678,880059,2215851,ITH,ITH2
2024-05-07T17:00:00,ITA,01,Piemonte,45.0732745,7.680687483,47,0,47,53530,53577,-16,10,1736853,13928,,,1804358,22611881,4539141,la variazione dei casi del campo NON DISPONIBILE rispetto al giorno precedente è dovuta a una riattribuzione della provincia di residenza del paziente,0,,,519899,1284459,5152989,17458892,ITC,ITC1
2024-05-07T17:00:00,ITA,16,Puglia,41.12559576,16.86736689,0,0,0,112,112,5,8,1678305,10085,,,1688502,14677278,3043555,,0,,,515243,1173259,4892264,9785014,ITF,ITF4
2024-05-07T17:00:00,ITA,20,Sardegna,39.21531192,9.110616306,23,1,24,9509,9533,3,3,514006,2977,,,526516,5591488,1767733,,0,,,180340,346176,2247764,3343724,ITG,ITG2
2024-05-07T17:00:00,ITA,19,Sicilia,38.11569725,13.3623567,53,3,56,867,923,1,1,1820867,13058,,,1834848,16970501,11306583,,0,,,543163,1291685,5502466,11468035,ITG,ITG1
2024-05-07T17:00:00,ITA,09,Toscana,43.76923077,11.25588885,14,0,14,179,193,-3,15,1641176,12502,,,1653871,17372755,5476128,,0,,,732485,921386,7151260,10221495,ITI,ITI1
2024-05-07T17:00:00,ITA,10,Umbria,43.10675841,12.38824698,11,1,12,518,530,3,3,456036,2532,,,459098,5178472,830002,"Si fa presente che dei 11 ricoveri non in T.I.: - 4 appartengono alle discipline di area medica (COD.24, COD.26, COD.68, COD.94) - 7 ricoveri appartengono ad altre discipline ospedaliere.",0,,,160690,298408,1764841,3413631,ITI,ITI2
2024-05-07T17:00:00,ITA,02,Valle d'Aosta,45.73750286,7.320149366,0,0,0,5,5,1,1,51879,591,,,52475,607970,148877,,0,,,16500,35975,146767,461203,ITC,ITC2
2024-05-07T17:00:00,ITA,05,Veneto,45.43490485,12.33845213,168,5,173,9581,9754,8,6,2814507,17489,,,2841750,39437834,5455783,"Si segnala che è presente un delta negativo registrato per i casi positivi nella provincia di Treviso, Verona, fuori regione e altro. Dall'analisi effettuata emerge che il delta negativo registrato è un risultato fisiologico dell’elaborazione che registra pochi casi nuovi di positività e che può essere indotto in particolare da un cambio domicilio/residenza o variazioni inviate sugli episodi precedenti. Per problemi tecnici il dato relativo ai casi confermati da test antigenico  è identico al dato inserito ieri. E' stato richiesto un intervento e verrà inserito il dato aggiornato alla risoluzione della problematica nella giornata lavorativa successiva.",0,,,1150432,1691318,12223265,27214569,ITH,ITH3
