data,stato,codice_regione,denominazione_regione,lat,long,ricoverati_con_sintomi,terapia_intensiva,totale_ospedalizzati,isolamento_domiciliare,totale_positivi,variazione_totale_positivi,nuovi_positivi,dimessi_guariti,deceduti,casi_da_sospetto_diagnostico,casi_da_screening,totale_casi,tamponi,casi_testati,note,ingressi_terapia_intensiva,note_test,note_casi,totale_positivi_test_molecolare,totale_positivi_test_antigenico_rapido,tamponi_test_molecolare,tamponi_test_antigenico_rapido,codice_nuts_1,codice_nuts_2
2022-04-08T17:00:00,ITA,13,Abruzzo,42.35122196,13.39843823,314,13,327,42191,42518,-189,2079,285137,3123,,,330778,5546312,1204743,Dal totale dei positivi sono stati eliminati 2 casi in quanto non pazienti COVID.,2,,,175091,155687,2204124,3342188,ITF,ITF1
2022-04-08T17:00:00,ITA,17,Basilicata,40.63947052,15.80514834,101,1,102,26616,26718,-71,731,85276,846,,,112840,942606,332303,"Il numero totale dei decessi ne comprende n. 34 a carico di pazienti non residenti, deceduti in strutture ospedaliere della Regione Basilicata.",0,,,63381,49459,644000,298606,ITF,ITF5
2022-04-08T17:00:00,ITA,18,Calabria,38.90597598,16.59440194,342,19,361,80094,80455,449,2173,232903,2366,,,315724,2748673,2083035,,5,,L'ASP di Cosenza comunica 614 nuovi soggetti positivi di cui 6 fuori regione.,178811,136913,1607076,1141597,ITF,ITF6
2022-04-08T17:00:00,ITA,15,Campania,40.83956555,14.25084984,714,37,751,163209,163960,-1897,7224,1283480,10095,,,1457535,15228681,4778940,i deceduti 8 sono entro le 48 ore e 3 oltre le 48 ore,3,,,886478,571057,8461255,6767426,ITF,ITF3
2022-04-08T17:00:00,ITA,08,Emilia-Romagna,44.49436681,11.3417208,1255,36,1291,56487,57778,983,5136,1242907,16348,,,1317033,15292409,2692757,"Sono stati eliminati 1 casi, comunicati nei giorni precedenti, in quanto giudicati non casi COVID-19.",7,,,893907,423126,8843531,6448878,ITH,ITH5
2022-04-08T17:00:00,ITA,06,Friuli Venezia Giulia,45.6494354,13.76813649,139,2,141,24049,24190,20,1141,313734,4937,,,342861,6154079,1114006,Il totale dei casi positivi è stato ridotto di 5 a seguito di 2 tamponi molecolari negativi dopo test antigenico positivo (1 caso relativo alla provincia di UD e 1caso fuori regione) e a seguito di 3 test positivi rimossi dopo revisione del caso (3 casi relativi alla provincia di TS)		 Si segnala che nei dati relativi agli ospedalizzati in Terapia Intensiva e Area Medica sono conteggiati tutti i pazienti risultati positivi a SARS-CoV2 ricoverati sia per Covid-19 che per altra patologia.		,2,,,192288,150573,3219681,2934398,ITH,ITH4
2022-04-08T17:00:00,ITA,12,Lazio,41.89277044,12.48366722,1164,72,1236,136216,137452,-511,6849,1198715,10846,,,1347013,19696668,5551318,,4,,,917756,429257,8480282,11216386,ITI,ITI4
2022-04-08T17:00:00,ITA,07,Liguria,44.41149315,8.9326992,248,7,255,17262,17517,-22,1481,373744,5218,,,396479,5174931,1278945,,0,,*di cui  12197 reinfezioni a partire dal 3/09/2021 [circ. min sal. n.37911 del 20/08/2021].,225342,171137,2384569,2790362,ITC,ITC3
2022-04-08T17:00:00,ITA,03,Lombardia,45.46679409,9.190347404,1101,42,1143,166292,167435,2610,8681,2395936,39423,,,2602794,35461901,8067965,,3,,,1374389,1228405,15576490,19885411,ITC,ITC4
2022-04-08T17:00:00,ITA,11,Marche,43.61675973,13.5188753,222,9,231,10985,11216,-273,2086,391961,3750,,,406927,2923544,1922226,,0,,,210665,196262,1958442,965102,ITI,ITI3
2022-04-08T17:00:00,ITA,14,Molise,41.55774754,14.65916051,30,1,31,8278,8309,39,370,43112,600,,,52021,557141,515861,,0,,,24450,27571,405595,151546,ITF,ITF2
2022-04-08T17:00:00,ITA,21,P.A. Bolzano,46.49933453,11.35662422,47,2,49,5654,5703,-44,552,195024,1453,,,202180,5005920,825314,"552 nuovi positivi di cui 512 casi diagnosticati con test antigenico, 10 test antigenici confermati da test molecolare e 28 nuovi positivi + 2 ripositivizzati diagnosticati solo con test molecolare. A questi sono stati sottratti 3 pazienti positivi al test antigenico ma negativi a test molecolare eseguito entro 3-5 giorni, per un totale netto di 512 positivi a test antigenico comunicati",0,,"552 nuovi positivi di cui 512 casi diagnosticati con test antigenico, 10 test antigenici confermati da test molecolare e 28 nuovi positivi + 2 ripositivizzati diagnosticati solo con test molecolare. A questi sono stati sottratti 3 pazienti positivi al test antigenico ma negativi a test molecolare eseguito entro 3-5 giorni, per un totale netto di 512 positivi a test antigenico comunicati",83622,118558,866031,4139889,ITH,ITH1
2022-04-08T17:00:00,ITA,22,P.A. Trento,46.06893511,11.12123097,61,3,64,4128,4192,59,473,147078,1543,,,152813,2519826,548281,,0,,,42939,109874,832666,1687160,ITH,ITH2
2022-04-08T17:00:00,ITA,01,Piemonte,45.0732745,7.680687483,651,22,673,55544,56217,298,3252,1004829,13233,,,1074279,16345438,3855156,,2,,,489614,584665,4843508,11501930,ITC,ITC1
2022-04-08T17:00:00,ITA,16,Puglia,41.12559576,16.86736689,679,38,717,110597,111314,-1226,5352,844756,8054,,,964124,9996965,2240488,,6,,,470422,493702,4197195,5799770,ITF,ITF4
2022-04-08T17:00:00,ITA,20,Sardegna,39.21531192,9.110616306,320,27,347,30045,30392,308,1848,210761,2264,,,243417,4172535,1553896,,2,,"L'incremento dei nuovi casi tiene conto anche dei casi diagnosticati con test antigenico. Pertanto si specifica che dei 1848 casi dichiarati oggi, 1550 sono stati diagnosticati da tampone antigenico Si segnala il decesso dei paz.:  - 1 uomo 93 aa Residente nella Provincia di Nuoro ",153016,90401,1905325,2267210,ITG,ITG2
2022-04-08T17:00:00,ITA,19,Sicilia,38.11569725,13.3623567,979,65,1044,156129,157173,-1696,4448,848374,10242,,,1015789,12047037,6468888,DECEDUTI: N. 2 IL 08/04/2022 - N. 5 IL 07/04/2022 - N. 7 IL 06/04/2022 - N. 1 IL 05/04/2022 - N. 2 IL 03/04/2022 - N. 1 IL 06/02/2022 - N. 1 IL 03/02/2022,6,,"Sul numero complessivo dei casi confermati comunicati in data odierna, n. 1114 sono relativi a giorni precedenti al 07/04/22			",496376,519413,4550352,7496685,ITG,ITG1
2022-04-08T17:00:00,ITA,09,Toscana,43.76923077,11.25588885,837,38,875,49306,50181,156,4395,959185,9609,,,1018975,13277144,4624348,,3,,,600937,418038,6642907,6634237,ITI,ITI1
2022-04-08T17:00:00,ITA,10,Umbria,43.10675841,12.38824698,274,5,279,15523,15802,-271,1267,226927,1824,,,244553,4065558,699473,- Si fa presente che 7 dei ricoveri non UTI appartengono ai codici disciplina di Ostetricia & Ginecologia e Pediatria. - Si fa presente che 70 dei ricoveri non UTI appartengono ad altri codici disciplina.,2,,,133117,111436,1602509,2463049,ITI,ITI2
2022-04-08T17:00:00,ITA,02,Valle d'Aosta,45.73750286,7.320149366,16,0,16,1168,1184,20,69,31474,527,,,33185,494584,131613,,0,,,13485,19700,137174,357410,ITC,ITC2
2022-04-08T17:00:00,ITA,05,Veneto,45.43490485,12.33845213,608,23,631,79270,79901,-2191,6928,1448241,14245,,,1542387,27957263,4695985,Nei valori riportati per le terapie intensive si è verificato un disallineamento temporale del flusso informativo pertanto per convenzione è stato riportato  7 dimessi da TI  invece del n. 6 effettivi che include anche i negativizzati.,5,,,777731,764656,9682716,18274547,ITH,ITH3
