data,stato,codice_regione,denominazione_regione,lat,long,ricoverati_con_sintomi,terapia_intensiva,totale_ospedalizzati,isolamento_domiciliare,totale_positivi,variazione_totale_positivi,nuovi_positivi,dimessi_guariti,deceduti,casi_da_sospetto_diagnostico,casi_da_screening,totale_casi,tamponi,casi_testati,note,ingressi_terapia_intensiva,note_test,note_casi,totale_positivi_test_molecolare,totale_positivi_test_antigenico_rapido,tamponi_test_molecolare,tamponi_test_antigenico_rapido,codice_nuts_1,codice_nuts_2
2023-10-18T17:00:00,ITA,13,Abruzzo,42.35122196,13.39843823,48,0,48,2838,2886,-40,146,662680,3997,,,669563,7588076,1383402,"Il dato ''incremento casi confermati'' è composto da 146, cioè 72 ''nuovi positivi'' e 74 ''reinfezioni''. ",0,,,255667,413896,2632168,4955908,ITF,ITF1
2023-10-18T17:00:00,ITA,17,Basilicata,40.63947052,15.80514834,26,0,26,9016,9042,4,6,191396,1045,,,201483,1359267,408170, Il dato relativo al numero dei “Casi in isolamento domiciliare” ed ai “Guariti” è in corso di revisione.,0,,,71271,130212,703935,655332,ITF,ITF5
2023-10-18T17:00:00,ITA,18,Calabria,38.90597598,16.59440194,67,9,76,1411,1487,15,67,641967,3548,,,647002,4464098,3485101,,0,,,203688,443314,1948520,2515578,ITF,ITF6
2023-10-18T17:00:00,ITA,15,Campania,40.83956555,14.25084984,98,4,102,24709,24811,-579,357,2468371,12005,,,2505187,21368069,5462436,,0,,,958008,1547179,9702033,11666036,ITF,ITF3
2023-10-18T17:00:00,ITA,08,Emilia-Romagna,44.49436681,11.3417208,680,22,702,6480,7182,-147,289,2149961,19624,,,2176767,19832180,2993854,,0,,,1095430,1081337,10778150,9054030,ITH,ITH5
2023-10-18T17:00:00,ITA,06,Friuli Venezia Giulia,45.6494354,13.76813649,134,2,136,762,898,-14,91,580657,6235,,,587790,7819654,1271613,Il totale dei casi positivi è stato ridotto di 1 a seguito di un test positivo rimosso dopo revisione del caso (caso relativo alla provincia di UD).		,0,,,240933,346857,3878141,3941513,ITH,ITH4
2023-10-18T17:00:00,ITA,12,Lazio,41.89277044,12.48366722,320,17,337,35056,35393,107,546,2414315,13058,,,2462766,27076489,6221068,,1,,,1041072,1421694,9745505,17330984,ITI,ITI4
2023-10-18T17:00:00,ITA,07,Liguria,44.41149315,8.9326992,135,4,139,0,139,-1,93,670673,5973,,,676785,7049377,1535489,,0,,*di cui 55616  reinfezioni a partire dal 3/09/2021 [circ. min sal. n.37911 del 20/08/2021].,288145,388640,2708609,4340768,ITC,ITC3
2023-10-18T17:00:00,ITA,03,Lombardia,45.46679409,9.190347404,316,8,324,11578,11902,-140,1016,4170804,46394,,,4229100,46351129,9353997,,1,,,1544798,2684302,17155950,29195179,ITC,ITC4
2023-10-18T17:00:00,ITA,11,Marche,43.61675973,13.5188753,68,3,71,0,71,7,99,720479,4473,,,725023,3772863,2770571,,1,,,223162,501861,2019898,1752965,ITI,ITI3
2023-10-18T17:00:00,ITA,14,Molise,41.55774754,14.65916051,6,1,7,583,590,6,7,102388,752,,,103730,836296,787722,,0,,,30203,73527,548893,287403,ITF,ITF2
2023-10-18T17:00:00,ITA,21,P.A. Bolzano,46.49933453,11.35662422,60,2,62,0,62,-3,44,296389,1627,,,298078,5615311,869407,"44 nuovi positivi di cui 0 test antigenici confermati da test molecolare, 42 casi diagnosticati con test antigenico e 2 nuovi positivi al test PCR. ",1,,"44 nuovi positivi di cui 0 test antigenici confermati da test molecolare, 42 casi diagnosticati con test antigenico e 2 nuovi positivi al test PCR. ",87271,210807,940861,4674450,ITH,ITH1
2023-10-18T17:00:00,ITA,22,P.A. Trento,46.06893511,11.12123097,46,1,47,490,537,8,51,246559,1658,,,248754,3069616,608086,,0,,,45342,203412,877089,2192527,ITH,ITH2
2023-10-18T17:00:00,ITA,01,Piemonte,45.0732745,7.680687483,411,14,425,37025,37450,75,415,1709530,13879,,,1760859,22128539,4471813,,0,,,518714,1242145,5143159,16985380,ITC,ITC1
2023-10-18T17:00:00,ITA,16,Puglia,41.12559576,16.86736689,82,0,82,5486,5568,133,229,1640664,9864,,,1656096,14330272,2984511,,0,,,514117,1141979,4880330,9449942,ITF,ITF4
2023-10-18T17:00:00,ITA,20,Sardegna,39.21531192,9.110616306,156,0,156,8033,8189,-30,38,512562,2973,,,523724,5529065,1766096,Non sono pervenuti i dati sui ricoveri pertanto quelli trasmessi sono riferiti all'ultima rilevazione ricevuta in data 10.10.23,0,,,180355,343369,2245826,3283239,ITG,ITG2
2023-10-18T17:00:00,ITA,19,Sicilia,38.11569725,13.3623567,156,8,164,3681,3845,28,29,1815970,12904,,,1832719,16943464,11279942,,1,,,541553,1291166,5478807,11464657,ITG,ITG1
2023-10-18T17:00:00,ITA,09,Toscana,43.76923077,11.25588885,289,9,298,3669,3967,3,295,1610250,12098,,,1626315,17071162,5444890,,0,,,723298,903017,7118333,9952829,ITI,ITI1
2023-10-18T17:00:00,ITA,10,Umbria,43.10675841,12.38824698,99,3,102,1691,1793,-80,92,445962,2509,,,450264,5120156,822412,- Si fa presente che 0 dei ricoveri non UTI appartengono ai codici disciplina di Ostetricia & Ginecologia e Pediatria. - Si fa presente che 54 dei ricoveri non UTI appartengono ad altri codici disciplina.,0,,,160120,290144,1760829,3359327,ITI,ITI2
2023-10-18T17:00:00,ITA,02,Valle d'Aosta,45.73750286,7.320149366,20,0,20,221,241,13,22,50812,578,,,51631,599291,147581,,0,,,16327,35304,146183,453108,ITC,ITC2
2023-10-18T17:00:00,ITA,05,Veneto,45.43490485,12.33845213,334,12,346,7615,7961,23,649,2743640,17016,,,2768617,38574084,5388160,,1,,,1103048,1665569,11957499,26616585,ITH,ITH3
