data,stato,codice_regione,denominazione_regione,lat,long,ricoverati_con_sintomi,terapia_intensiva,totale_ospedalizzati,isolamento_domiciliare,totale_positivi,variazione_totale_positivi,nuovi_positivi,dimessi_guariti,deceduti,casi_da_sospetto_diagnostico,casi_da_screening,totale_casi,tamponi,casi_testati,note,ingressi_terapia_intensiva,note_test,note_casi,totale_positivi_test_molecolare,totale_positivi_test_antigenico_rapido,tamponi_test_molecolare,tamponi_test_antigenico_rapido,codice_nuts_1,codice_nuts_2
2023-02-15T17:00:00,ITA,13,Abruzzo,42.35122196,13.39843823,88,3,91,9995,10086,-42,146,636249,3912,,,650247,7382570,1362852,"Uno dei decessi comunicati in data odierna appartiene ai giorni scorsi ed è stato comunicato oggi dalla Asl di Pescara. Il dato ""Incremento casi confermati"" è composto da 104, cioè i ""Nuovi positivi"",  e 42 reinfezioni.",0,,,247225,403022,2582156,4800414,ITF,ITF1
2023-02-15T17:00:00,ITA,17,Basilicata,40.63947052,15.80514834,26,0,26,8350,8376,1,14,190044,1019,,,199439,1323239,401196,Il dato relativo al numero dei “Casi in isolamento domiciliare” ed ai “Guariti” è in corso di revisione.,0,,,71120,128319,700401,622838,ITF,ITF5
2023-02-15T17:00:00,ITA,18,Calabria,38.90597598,16.59440194,98,4,102,890,992,-57,97,625906,3331,,,630229,4219159,3264458,,0,,,201580,428649,1883266,2335893,ITF,ITF6
2023-02-15T17:00:00,ITA,15,Campania,40.83956555,14.25084984,235,10,245,32662,32907,132,374,2395399,11750,,,2440056,20399581,5368137,,0,,"a seguito delle verifiche odierne, si evince che un decesso registrato oggi, risale al giorno 11/02/2023",953283,1486773,9499151,10900430,ITF,ITF3
2023-02-15T17:00:00,ITA,08,Emilia-Romagna,44.49436681,11.3417208,516,33,549,4508,5057,28,435,2107846,19238,,,2132141,19262009,2962286,,0,,,1089104,1043037,10612993,8649016,ITH,ITH5
2023-02-15T17:00:00,ITA,06,Friuli Venezia Giulia,45.6494354,13.76813649,87,0,87,848,935,16,112,566944,5974,,,573853,7651288,1251316,Il totale dei casi positivi è stato ridotto di 2 a seguito di 2 test positivi rimossi dopo revisione dei casi (1 caso relativo alla provincia di UD e 1 caso proveniente da fuori regione).,0,,,238662,335191,3815032,3836256,ITH,ITH4
2023-02-15T17:00:00,ITA,12,Lazio,41.89277044,12.48366722,545,26,571,22150,22721,28,821,2337812,12747,,,2373280,26001418,6089984,,1,,,1035391,1337889,9615911,16385507,ITI,ITI4
2023-02-15T17:00:00,ITA,07,Liguria,44.41149315,8.9326992,92,5,97,608,705,0,102,653618,5873,,,660196,6837725,1504563,,0,,*di cui 49866  reinfezioni a partire dal 3/09/2021 [circ. min sal. n.37911 del 20/08/2021].,283272,376924,2684039,4153686,ITC,ITC3
2023-02-15T17:00:00,ITA,03,Lombardia,45.46679409,9.190347404,218,22,240,15424,15664,169,670,4048355,45436,,,4109455,44944257,9164739,,0,,,1534893,2574562,17011320,27932937,ITC,ITC4
2023-02-15T17:00:00,ITA,11,Marche,43.61675973,13.5188753,35,1,36,749,785,-8,104,707842,4382,,,713009,3720771,2718479,,0,,,222831,490178,2017156,1703615,ITI,ITI3
2023-02-15T17:00:00,ITA,14,Molise,41.55774754,14.65916051,1,0,1,1039,1040,-20,15,99943,718,,,101701,794330,746794,,0,,,29395,72306,518984,275346,ITF,ITF2
2023-02-15T17:00:00,ITA,21,P.A. Bolzano,46.49933453,11.35662422,29,0,29,207,236,21,63,291160,1609,,,293005,5562830,863926,"63 nuovi positivi di cui 0 test antigenici confermati da test molecolare, 62 casi diagnosticati con test antigenico e 1 nuovi positivi al test PCR. ",0,,"63 nuovi positivi di cui 0 test antigenici confermati da test molecolare, 62 casi diagnosticati con test antigenico e 1 nuovi positivi al test PCR. ",86912,206093,932996,4629834,ITH,ITH1
2023-02-15T17:00:00,ITA,22,P.A. Trento,46.06893511,11.12123097,26,0,26,317,343,19,50,241439,1646,,,243428,3027837,603862,,0,,,44863,198565,872507,2155330,ITH,ITH2
2023-02-15T17:00:00,ITA,01,Piemonte,45.0732745,7.680687483,166,3,169,26404,26573,83,218,1676600,13821,,,1716994,21290910,4373870,,3,,,517096,1199898,5110236,16180674,ITC,ITC1
2023-02-15T17:00:00,ITA,16,Puglia,41.12559576,16.86736689,141,5,146,8110,8256,-230,181,1606140,9611,,,1624007,13753238,2852495,,0,,,511714,1112293,4824777,8928461,ITF,ITF4
2023-02-15T17:00:00,ITA,20,Sardegna,39.21531192,9.110616306,160,3,163,3318,3481,-123,105,502143,2920,,,508544,5408579,1759770,,0,,"L'incremento dei nuovi casi tiene conto anche dei casi diagnosticati con test antigenico. Pertanto si specifica che dei 105 casi dichiarati oggi, 91 sono stati diagnosticati da tampone antigenico Si segnala il decesso dei paz.:  - 1 donna 87 aa Residente nella Città Metropolitana di Cagliari  - 1 uomo 71 aa Residente nella Città Metropolitana di Cagliari ",179546,328998,2226698,3181881,ITG,ITG2
2023-02-15T17:00:00,ITA,19,Sicilia,38.11569725,13.3623567,318,19,337,9142,9479,-169,283,1792579,12654,,,1814712,16436956,10790344,,2,,,536805,1277907,5311758,11125198,ITG,ITG1
2023-02-15T17:00:00,ITA,09,Toscana,43.76923077,11.25588885,154,4,158,21611,21769,240,300,1553052,11524,,,1586345,16587051,5386698,,0,,,712625,873720,7068179,9518872,ITI,ITI1
2023-02-15T17:00:00,ITA,10,Umbria,43.10675841,12.38824698,104,5,109,1088,1197,-19,104,433279,2428,,,436904,5007191,810512,"- Si fa presente che 1 dei ricoveri non UTI appartengono ai codici disciplina di Ostetricia & Ginecologia e Pediatria. - Si fa presente che 41 dei ricoveri non UTI appartengono ad altri codici disciplina di cui 10 in discipline post-acuto, riabilitative ( cod. 60, 28, 56, 75 )",2,,,158816,278088,1751855,3255336,ITI,ITI2
2023-02-15T17:00:00,ITA,02,Valle d'Aosta,45.73750286,7.320149366,1,0,1,629,630,1,4,49163,567,,,50360,587079,145492,,0,,,16245,34115,145535,441544,ITC,ITC2
2023-02-15T17:00:00,ITA,05,Veneto,45.43490485,12.33845213,251,14,265,15800,16065,279,637,2652222,16625,,,2684912,36870904,5283172,Nei valori riportati per le terapie intensive si è verificato un disallineamento temporale del flusso informativo pertanto per convenzione è stato riportato  3 dimessi da TI  invece del n. 1 effettivi che include anche i negativizzati.,3,,,1056767,1628145,11368202,25502702,ITH,ITH3
