data,stato,codice_regione,denominazione_regione,lat,long,ricoverati_con_sintomi,terapia_intensiva,totale_ospedalizzati,isolamento_domiciliare,totale_positivi,variazione_totale_positivi,nuovi_positivi,dimessi_guariti,deceduti,casi_da_sospetto_diagnostico,casi_da_screening,totale_casi,tamponi,casi_testati,note,ingressi_terapia_intensiva,note_test,note_casi,totale_positivi_test_molecolare,totale_positivi_test_antigenico_rapido,tamponi_test_molecolare,tamponi_test_antigenico_rapido,codice_nuts_1,codice_nuts_2
2024-09-19T17:00:00,ITA,13,Abruzzo,42.35122196,13.39843823,27,1,28,2560,2588,-10,30,686177,4106,,,692871,7738779,1397778,"Il dato incremento casi confermati è composto da 30, cioè 22 ''nuovi positivi'' e 8 ''reinfezioni"".",0,,,265297,427574,2652172,5086607,ITF,ITF1
2024-09-19T17:00:00,ITA,17,Basilicata,40.63947052,15.80514834,15,0,15,10213,10228,5,5,191676,1062,,,202966,1385404,412705,Il dato relativo al numero dei “Casi in isolamento domiciliare” ed ai “Guariti” non è reale ed è in corso di revisione.,0,,,71288,131678,704040,681364,ITF,ITF5
2024-09-19T17:00:00,ITA,18,Calabria,38.90597598,16.59440194,12,0,12,1887,1899,-1,14,652971,3718,,,658588,4579946,3590664,,0,,,204471,454117,1969667,2610279,ITF,ITF6
2024-09-19T17:00:00,ITA,15,Campania,40.83956555,14.25084984,98,3,101,9768,9869,94,118,2549619,12161,,,2571649,22252037,5569440,,0,,,960543,1611106,9778812,12473225,ITF,ITF3
2024-09-19T17:00:00,ITA,08,Emilia-Romagna,44.49436681,11.3417208,430,10,440,9666,10106,97,97,2190452,20093,,,2220651,20227086,3009078,"Il dato odierno dei casi per la provincia, risultato negativo rispetto a quello comunicato ieri, è determinato dalla revisione delle posizioni anagrafiche dei casi precedentemente inseriti.",1,,,1100966,1119685,10846116,9380970,ITH,ITH5
2024-09-19T17:00:00,ITA,06,Friuli Venezia Giulia,45.6494354,13.76813649,49,0,49,496,545,6,37,594254,6600,,,601399,7918982,1284831,,0,,,243084,358315,3906622,4012360,ITH,ITH4
2024-09-19T17:00:00,ITA,12,Lazio,41.89277044,12.48366722,73,4,77,80459,80536,140,149,2459856,13304,,,2553696,27847288,6316665,,0,,,1044226,1509470,9769235,18078053,ITI,ITI4
2024-09-19T17:00:00,ITA,07,Liguria,44.41149315,8.9326992,50,0,50,0,50,6,18,689123,6065,,,695238,7208690,1560195,"Si segnala che in seguito all’automatizzazione nella gestione dei database relativi alla sorveglianza COVID-19, sono possibili variazioni delle anagrafiche che possono generare eventuali riduzioni rispetto ai dati comunicati nelle giornate precedenti.",0,,*di cui 63330  reinfezioni a partire dal 3/09/2021 [circ. min sal. n.37911 del 20/08/2021].,288409,406829,2717068,4491622,ITC,ITC3
2024-09-19T17:00:00,ITA,03,Lombardia,45.46679409,9.190347404,169,4,173,3651,3824,116,377,4316027,48251,,,4368102,47583436,9522605,,0,,,1555638,2812464,17238728,30344708,ITC,ITC4
2024-09-19T17:00:00,ITA,11,Marche,43.61675973,13.5188753,35,4,39,0,39,0,1,732716,4563,,,737318,3810211,2807853,,0,,,223418,513900,2020964,1789247,ITI,ITI3
2024-09-19T17:00:00,ITA,14,Molise,41.55774754,14.65916051,0,1,1,106,107,8,8,105076,799,,,105982,860049,810726,,0,,,31310,74672,556939,303110,ITF,ITF2
2024-09-19T17:00:00,ITA,21,P.A. Bolzano,46.49933453,11.35662422,21,0,21,0,21,2,11,299793,1676,,,301490,5631976,871643,"11 nuovi positivi di cui 1 test antigenici confermati da test molecolare, 9 casi diagnosticati con test antigenico e 1 nuovi positivi al test PCR.",0,,"11 nuovi positivi di cui 1 test antigenici confermati da test molecolare, 9 casi diagnosticati con test antigenico e 1 nuovi positivi al test PCR.",87861,213629,946582,4685394,ITH,ITH1
2024-09-19T17:00:00,ITA,22,P.A. Trento,46.06893511,11.12123097,20,0,20,97,117,1,11,252788,1685,,,254590,3103349,611289,,0,,,45877,208713,880652,2222697,ITH,ITH2
2024-09-19T17:00:00,ITA,01,Piemonte,45.0732745,7.680687483,115,1,116,56833,56949,76,113,1742032,13933,,,1812914,22802148,4568754,la variazione dei casi del campo NON DISPONIBILE  rispetto al giorno precedente è dovuta a una riattribuzione della provincia di residenza del paziente,1,,,520152,1292762,5157214,17644934,ITC,ITC1
2024-09-19T17:00:00,ITA,16,Puglia,41.12559576,16.86736689,13,0,13,3453,3466,30,57,1688331,10125,,,1701922,14797903,3061435,,0,,,515570,1186352,4895492,9902411,ITF,ITF4
2024-09-19T17:00:00,ITA,20,Sardegna,39.21531192,9.110616306,38,1,39,13246,13285,21,23,514182,2980,,,530447,5619662,1767998,,0,,,180340,350107,2248123,3371539,ITG,ITG2
2024-09-19T17:00:00,ITA,19,Sicilia,38.11569725,13.3623567,94,5,99,1437,1536,-4,11,1821999,13122,,,1836657,16983446,11319250,,0,,,543664,1292993,5512754,11470692,ITG,ITG1
2024-09-19T17:00:00,ITA,09,Toscana,43.76923077,11.25588885,131,4,135,1186,1321,-105,96,1649841,12614,,,1663776,17496840,5490095,,2,,,736061,927715,7165366,10331474,ITI,ITI1
2024-09-19T17:00:00,ITA,10,Umbria,43.10675841,12.38824698,51,1,52,840,892,-16,22,458126,2534,,,461552,5200779,833258,"Si fa presente che dei 51 ricoveri non in T.I.: - 22 appartengono alle discipline di area medica (COD.24, COD.26, COD.68, COD.94) - 29 ricoveri appartengono ad altre discipline ospedaliere.",0,,,160905,300647,1765978,3434801,ITI,ITI2
2024-09-19T17:00:00,ITA,02,Valle d'Aosta,45.73750286,7.320149366,0,0,0,15,15,-3,2,52056,592,,,52663,611482,149514,,0,,,16498,36165,146784,464698,ITC,ITC2
2024-09-19T17:00:00,ITA,05,Veneto,45.43490485,12.33845213,249,11,260,10637,10897,28,210,2828756,17547,,,2857200,39614353,5470427,,1,,,1160606,1696594,12280422,27333931,ITH,ITH3
