data,stato,codice_regione,denominazione_regione,lat,long,ricoverati_con_sintomi,terapia_intensiva,totale_ospedalizzati,isolamento_domiciliare,totale_positivi,variazione_totale_positivi,nuovi_positivi,dimessi_guariti,deceduti,casi_da_sospetto_diagnostico,casi_da_screening,totale_casi,tamponi,casi_testati,note,ingressi_terapia_intensiva,note_test,note_casi,totale_positivi_test_molecolare,totale_positivi_test_antigenico_rapido,tamponi_test_molecolare,tamponi_test_antigenico_rapido,codice_nuts_1,codice_nuts_2
2023-12-05T17:00:00,ITA,13,Abruzzo,42.35122196,13.39843823,227,4,231,6497,6728,316,548,667288,4036,,,678052,7631476,1386811,"Il dato ''incremento casi confermati'' è composto da  548 , cioè 421  ''nuovi positivi'' e  127 ''reinfezioni''. Del totale dei decessi comunicati in data odierna 2 appartengono ai giorni scorsi e comunicati oggi dalla Asl di Teramo.				 		 ",1,,,259291,418761,2640225,4991251,ITF,ITF1
2023-12-05T17:00:00,ITA,17,Basilicata,40.63947052,15.80514834,28,0,28,9327,9355,11,13,191462,1047,,,201864,1364305,409049, Il dato relativo al numero dei “Casi in isolamento domiciliare” ed ai “Guariti” è in corso di revisione.,0,,,71280,130584,703992,660313,ITF,ITF5
2023-12-05T17:00:00,ITA,18,Calabria,38.90597598,16.59440194,85,7,92,2421,2513,125,169,643371,3586,,,649470,4487725,3506071,,0,,,203881,445589,1953793,2533932,ITF,ITF6
2023-12-05T17:00:00,ITA,15,Campania,40.83956555,14.25084984,128,4,132,27918,28050,601,978,2479102,12057,,,2519209,21533351,5477980,,0,,,958630,1560579,9717421,11815930,ITF,ITF3
2023-12-05T17:00:00,ITA,08,Emilia-Romagna,44.49436681,11.3417208,1419,31,1450,8361,9811,80,642,2166469,19812,,,2196092,19937309,2996796,"Il dato odierno dei casi per provincia, risultato negativo rispetto a quello comunicato ieri, è determinato dalla revisione delle posizioni anagrafiche dei casi precedentemente inseriti. ",4,,,1098085,1098007,10794349,9142960,ITH,ITH5
2023-12-05T17:00:00,ITA,06,Friuli Venezia Giulia,45.6494354,13.76813649,248,7,255,1187,1442,76,323,585661,6329,,,593432,7844916,1274411,,0,,,241607,351825,3883490,3961426,ITH,ITH4
2023-12-05T17:00:00,ITA,12,Lazio,41.89277044,12.48366722,573,19,592,41961,42553,974,1686,2433647,13106,,,2489306,27241600,6238267,,0,,,1041776,1447530,9750177,17491423,ITI,ITI4
2023-12-05T17:00:00,ITA,07,Liguria,44.41149315,8.9326992,293,7,300,0,300,-6,349,676990,5998,,,683288,7086485,1540721,,0,,*di cui 58174  reinfezioni a partire dal 3/09/2021 [circ. min sal. n.37911 del 20/08/2021].,288552,394736,2710785,4375700,ITC,ITC3
2023-12-05T17:00:00,ITA,03,Lombardia,45.46679409,9.190347404,602,35,637,15330,15967,-2025,3256,4231886,46905,,,4294758,46687243,9392710,,7,,,1548399,2746359,17175429,29511814,ITC,ITC4
2023-12-05T17:00:00,ITA,11,Marche,43.61675973,13.5188753,172,2,174,0,174,0,367,726143,4498,,,730815,3785696,2783404,,0,,,223274,507541,2020344,1765352,ITI,ITI3
2023-12-05T17:00:00,ITA,14,Molise,41.55774754,14.65916051,11,0,11,910,921,45,46,102640,775,,,104336,841689,792842,,0,,,30506,73830,551404,290285,ITF,ITF2
2023-12-05T17:00:00,ITA,21,P.A. Bolzano,46.49933453,11.35662422,43,2,45,0,45,3,55,298276,1647,,,299968,5620785,869806,"55 nuovi positivi di cui 3 test antigenici confermati da test molecolare, 50 casi diagnosticati con test antigenico e 2 nuovi positivi al test PCR.",0,,"55 nuovi positivi di cui 3 test antigenici confermati da test molecolare, 50 casi diagnosticati con test antigenico e 2 nuovi positivi al test PCR.",87415,212553,941343,4679442,ITH,ITH1
2023-12-05T17:00:00,ITA,22,P.A. Trento,46.06893511,11.12123097,89,2,91,813,904,16,127,249294,1668,,,251866,3080752,608967,,0,,,45630,206236,878115,2202637,ITH,ITH2
2023-12-05T17:00:00,ITA,01,Piemonte,45.0732745,7.680687483,620,19,639,50279,50918,463,1123,1722782,13895,,,1787595,22292917,4492697,,1,,,519436,1268159,5147672,17145245,ITC,ITC1
2023-12-05T17:00:00,ITA,16,Puglia,41.12559576,16.86736689,142,7,149,6465,6614,349,651,1650853,9913,,,1667380,14423864,3000439,,1,,,514520,1152860,4884071,9539793,ITF,ITF4
2023-12-05T17:00:00,ITA,20,Sardegna,39.21531192,9.110616306,156,0,156,8734,8890,24,51,513086,2975,,,524951,5546644,1766708,,0,,,180339,344612,2246537,3300107,ITG,ITG2
2023-12-05T17:00:00,ITA,19,Sicilia,38.11569725,13.3623567,185,6,191,1853,2044,20,21,1818290,12942,,,1833276,16951118,11287494,,2,,,541973,1291303,5485614,11465504,ITG,ITG1
2023-12-05T17:00:00,ITA,09,Toscana,43.76923077,11.25588885,497,23,520,3928,4448,182,755,1622564,12232,,,1639244,17161987,5453919,,1,,,727357,911887,7127421,10034566,ITI,ITI1
2023-12-05T17:00:00,ITA,10,Umbria,43.10675841,12.38824698,205,7,212,1933,2145,185,224,449811,2518,,,454474,5140084,824598,- Si fa presente che 3 dei ricoveri non UTI appartengono ai codici disciplina di Ostetricia & Ginecologia e Pediatria. - Si fa presente che 113 dei ricoveri non UTI appartengono ad altri codici disciplina.,0,,,160383,294091,1761631,3378453,ITI,ITI2
2023-12-05T17:00:00,ITA,02,Valle d'Aosta,45.73750286,7.320149366,16,0,16,70,86,8,26,51475,579,,,52140,602237,147960,,0,,,16410,35730,146377,455860,ITC,ITC2
2023-12-05T17:00:00,ITA,05,Veneto,45.43490485,12.33845213,762,30,792,13376,14168,822,2331,2780971,17183,,,2812322,38859388,5407264,Nei valori riportati per le terapie intensive si è verificato un disallineamento temporale del flusso informativo pertanto per convenzione è stato riportato  8 dimessi da TI  invece del n. 5 effettivi che include anche i negativizzati.,12,,,1131748,1680574,12033501,26825887,ITH,ITH3
