data,stato,codice_regione,denominazione_regione,lat,long,ricoverati_con_sintomi,terapia_intensiva,totale_ospedalizzati,isolamento_domiciliare,totale_positivi,variazione_totale_positivi,nuovi_positivi,dimessi_guariti,deceduti,casi_da_sospetto_diagnostico,casi_da_screening,totale_casi,tamponi,casi_testati,note,ingressi_terapia_intensiva,note_test,note_casi,totale_positivi_test_molecolare,totale_positivi_test_antigenico_rapido,tamponi_test_molecolare,tamponi_test_antigenico_rapido,codice_nuts_1,codice_nuts_2
2022-09-01T17:00:00,ITA,13,Abruzzo,42.35122196,13.39843823,130,9,139,26814,26953,335,665,509668,3634,,,540255,6713431,1310583,Dal totale dei positivi sono stati eliminati due casi in quanto non pazienti Covid.,0,,,216868,323387,2455641,4257790,ITF,ITF1
2022-09-01T17:00:00,ITA,17,Basilicata,40.63947052,15.80514834,42,1,43,7096,7139,-92,253,171040,979,,,179158,1211271,382745,,0,,,69744,109414,685001,526270,ITF,ITF5
2022-09-01T17:00:00,ITA,18,Calabria,38.90597598,16.59440194,156,5,161,63113,63274,-2171,1124,473404,2951,,,539629,3676162,2814926,,0,,"L'Asp di Catanzaro comunica 224 nuovi soggetti positivi di cui 11 fuori regione  L'Asp di Cosenza comunica 321 nuovi soggetti positivi di cui 17 fuori regione. Oggi si registrano 322 nuovi casi; Il numero totale dei casi è incrementato di 321 unità e non di 322, in quanto 1 caso è stato eliminato perché risultato doppio",195397,344232,1774910,1901252,ITF,ITF6
2022-09-01T17:00:00,ITA,15,Campania,40.83956555,14.25084984,277,9,286,103524,103810,-1407,1947,2070139,11097,,,2185046,18615134,5191598,,1,,"a seguito delle verifiche odierne, si evince che i tre decessi registrati oggi, risalgono a un periodo compreso tra il 10/08 e il 14/08 2022",938072,1246974,9119776,9495358,ITF,ITF3
2022-09-01T17:00:00,ITA,08,Emilia-Romagna,44.49436681,11.3417208,896,30,926,24883,25809,-175,1657,1779358,17892,,,1823059,17590917,2857726,"Sono stati eliminati 3 casi, comunicati nei giorni precedenti, in quanto giudicati non casi COVID-19.",7,,,1023999,799060,9937466,7653451,ITH,ITH5
2022-09-01T17:00:00,ITA,06,Friuli Venezia Giulia,45.6494354,13.76813649,148,2,150,6943,7093,-62,591,463876,5369,,,476338,7042774,1195228,,0,,,220793,255545,3589079,3453695,ITH,ITH4
2022-09-01T17:00:00,ITA,12,Lazio,41.89277044,12.48366722,527,41,568,65408,65976,-4635,1698,1942488,11999,,,2020463,23614595,5880138,,0,,,1014881,1005582,9190771,14423824,ITI,ITI4
2022-09-01T17:00:00,ITA,07,Liguria,44.41149315,8.9326992,205,5,210,7268,7478,230,562,547874,5542,,,560894,6162048,1423049,,1,,*di cui 29885  reinfezioni a partire dal 3/09/2021 [circ. min sal. n.37911 del 20/08/2021]. ,258585,302309,2568587,3593461,ITC,ITC3
2022-09-01T17:00:00,ITA,03,Lombardia,45.46679409,9.190347404,605,22,627,42380,43007,-1768,2972,3391152,42244,,,3476403,40818928,8697549,,0,,,1481085,1995318,16464686,24354242,ITC,ITC4
2022-09-01T17:00:00,ITA,11,Marche,43.61675973,13.5188753,81,3,84,6124,6208,-26,598,594966,4092,,,605266,3470092,2467795,,0,,,219989,385277,2003988,1466104,ITI,ITI3
2022-09-01T17:00:00,ITA,14,Molise,41.55774754,14.65916051,17,0,17,4409,4426,-38,146,82440,671,,,87537,718055,672655,,0,,,27767,59770,474358,243697,ITF,ITF2
2022-09-01T17:00:00,ITA,21,P.A. Bolzano,46.49933453,11.35662422,40,1,41,1975,2016,36,233,251914,1530,,,255460,5337111,849025,"233 nuovi positivi di cui 0 test antigenici confermati da test molecolare, 226 casi diagnosticati con test antigenico e 7 nuovi positivi al test PCR. ",0,,"233 nuovi positivi di cui 0 test antigenici confermati da test molecolare, 226 casi diagnosticati con test antigenico e 7 nuovi positivi al test PCR. ",85980,169480,912102,4425009,ITH,ITH1
2022-09-01T17:00:00,ITA,22,P.A. Trento,46.06893511,11.12123097,68,1,69,3151,3220,73,326,199403,1590,,,204213,2805024,582972,,1,,,43963,160250,856183,1948841,ITH,ITH2
2022-09-01T17:00:00,ITA,01,Piemonte,45.0732745,7.680687483,277,7,284,32536,32820,-725,1050,1384527,13597,,,1430944,19039935,4165786,,1,,,510198,920746,5036443,14003492,ITC,ITC1
2022-09-01T17:00:00,ITA,16,Puglia,41.12559576,16.86736689,208,11,219,19284,19503,-352,1025,1425911,8999,,,1454413,12482215,2627186,,1,,,500267,954146,4595275,7886940,ITF,ITF4
2022-09-01T17:00:00,ITA,20,Sardegna,39.21531192,9.110616306,91,8,99,9858,9957,-564,423,426865,2722,,,439544,5032761,1714387,,2,,"L'incremento dei nuovi casi tiene conto anche dei casi diagnosticati con test antigenico. Pertanto si specifica che dei 423 casi dichiarati oggi, 371 sono stati diagnosticati da tampone antigenico Si segnala il decesso dei paz.:  - 1 uomo 67 aa Residente nella Provincia del Sud Sardegna  - 1 donna 46 aa Residente nella Città Metropolitana di Cagliari  - 1 uomo 61 aa Residente nella Città Metropolitana di Cagliari  - 1 donna 85 aa Residente nella Provincia di Oristano ",172708,266836,2121737,2911024,ITG,ITG2
2022-09-01T17:00:00,ITA,19,Sicilia,38.11569725,13.3623567,401,21,422,69754,70176,-601,1387,1539471,12112,,,1621759,14877786,9266893,DECEDUTI: N. 3 IL 31/08/2022 - N. 3 IL 30/08/2022 - N. 1 IL 29/08/2022 - N. 1 IL 03/08/2022 - N. 1 IL 26/06/2022,2,,,523226,1098533,4960106,9917680,ITG,ITG1
2022-09-01T17:00:00,ITA,09,Toscana,43.76923077,11.25588885,267,10,277,82494,82771,124,933,1284123,10655,,,1377549,15328832,5114565,,1,,,676935,700614,6935628,8393204,ITI,ITI1
2022-09-01T17:00:00,ITA,10,Umbria,43.10675841,12.38824698,141,4,145,3597,3742,-38,365,360103,2069,,,365914,4638030,773231,- Si fa presente che 1 dei ricoveri non UTI appartengono ai codici disciplina di Ostetricia & Ginecologia e Pediatria. - Si fa presente che  53 dei ricoveri non UTI appartengono ad altri codici disciplina.,1,,,150460,215454,1695434,2942596,ITI,ITI2
2022-09-01T17:00:00,ITA,02,Valle d'Aosta,45.73750286,7.320149366,9,0,9,760,769,-1,35,42360,547,,,43676,550756,140532,,0,,,11524,32152,143526,407230,ITC,ITC2
2022-09-01T17:00:00,ITA,05,Veneto,45.43490485,12.33845213,376,17,393,47654,48047,118,2513,2137316,15372,,,2200735,32847984,5062080,Nei valori riportati per le terapie intensive si è verificato un disallineamento temporale del flusso informativo pertanto per convenzione è stato riportato 1 dimessi da TI  invece del n. 2 effettivi che include anche i negativizzati.,0,,,911838,1288897,10584801,22263183,ITH,ITH3
