data,stato,codice_regione,denominazione_regione,lat,long,ricoverati_con_sintomi,terapia_intensiva,totale_ospedalizzati,isolamento_domiciliare,totale_positivi,variazione_totale_positivi,nuovi_positivi,dimessi_guariti,deceduti,casi_da_sospetto_diagnostico,casi_da_screening,totale_casi,tamponi,casi_testati,note,ingressi_terapia_intensiva,note_test,note_casi,totale_positivi_test_molecolare,totale_positivi_test_antigenico_rapido,tamponi_test_molecolare,tamponi_test_antigenico_rapido,codice_nuts_1,codice_nuts_2
2024-09-27T17:00:00,ITA,13,Abruzzo,42.35122196,13.39843823,29,2,31,2767,2798,52,55,686288,4106,,,693192,7741028,1398000,"Il dato incremento casi confermati è composto da 55, cioè 32 ''nuovi positivi'' e 23 ''reinfezioni"".",0,,,265431,427761,2652230,5088798,ITF,ITF1
2024-09-27T17:00:00,ITA,17,Basilicata,40.63947052,15.80514834,5,0,5,10243,10248,3,3,191689,1062,,,202999,1385925,412790,Il dato relativo al numero dei “Casi in isolamento domiciliare” ed ai “Guariti” non è reale ed è in corso di revisione.,0,,,71288,131711,704040,681885,ITF,ITF5
2024-09-27T17:00:00,ITA,18,Calabria,38.90597598,16.59440194,8,0,8,1875,1883,0,11,653095,3719,,,658697,4581117,3591655,,0,,,204474,454223,1969814,2611303,ITF,ITF6
2024-09-27T17:00:00,ITA,15,Campania,40.83956555,14.25084984,88,4,92,9854,9946,49,129,2550573,12162,,,2572681,22267702,5570984,,0,,,960568,1612113,9779548,12488154,ITF,ITF3
2024-09-27T17:00:00,ITA,08,Emilia-Romagna,44.49436681,11.3417208,456,19,475,10437,10912,112,112,2190452,20098,,,2221462,20231946,3009300,"Il dato odierno dei casi per la provincia, risultato negativo rispetto a quello comunicato ieri, è determinato dalla revisione delle posizioni anagrafiche dei casi precedentemente inseriti.",3,,,1101023,1120439,10847057,9384889,ITH,ITH5
2024-09-27T17:00:00,ITA,06,Friuli Venezia Giulia,45.6494354,13.76813649,83,0,83,629,712,15,52,594480,6622,,,601814,7920732,1285044,,0,,,243172,358642,3907030,4013702,ITH,ITH4
2024-09-27T17:00:00,ITA,12,Lazio,41.89277044,12.48366722,68,6,74,81951,82025,224,240,2459972,13309,,,2555306,27860777,6318553,,0,,,1044263,1511043,9769498,18091279,ITI,ITI4
2024-09-27T17:00:00,ITA,07,Liguria,44.41149315,8.9326992,70,4,74,0,74,-4,40,689314,6102,,,695490,7211035,1560580,"Si segnala che in seguito all’automatizzazione nella gestione dei database relativi alla sorveglianza COVID-19, sono possibili variazioni delle anagrafiche che possono generare eventuali riduzioni rispetto ai dati comunicati nelle giornate precedenti.",2,,*di cui 63436  reinfezioni a partire dal 3/09/2021 [circ. min sal. n.37911 del 20/08/2021].,288411,407079,2717143,4493892,ITC,ITC3
2024-09-27T17:00:00,ITA,03,Lombardia,45.46679409,9.190347404,234,2,236,5307,5543,368,584,4318159,48286,,,4371988,47602721,9525310,,0,,,1555939,2816049,17240368,30362353,ITC,ITC4
2024-09-27T17:00:00,ITA,11,Marche,43.61675973,13.5188753,37,3,40,0,40,0,2,732731,4563,,,737334,3810401,2808043,,0,,,223418,513916,2020964,1789437,ITI,ITI3
2024-09-27T17:00:00,ITA,14,Molise,41.55774754,14.65916051,0,1,1,131,132,0,0,105121,799,,,106052,860520,811190,,0,,,31350,74702,557045,303475,ITF,ITF2
2024-09-27T17:00:00,ITA,21,P.A. Bolzano,46.49933453,11.35662422,28,0,28,0,28,1,14,299889,1676,,,301593,5632284,871693,"14 nuovi positivi di cui 0 test antigenici confermati da test molecolare, 7 casi diagnosticati con test antigenico e 7 nuovi positivi al test PCR.",0,,"14 nuovi positivi di cui 0 test antigenici confermati da test molecolare, 7 casi diagnosticati con test antigenico e 7 nuovi positivi al test PCR.",87905,213688,946716,4685568,ITH,ITH1
2024-09-27T17:00:00,ITA,22,P.A. Trento,46.06893511,11.12123097,25,0,25,171,196,4,24,252882,1686,,,254764,3104076,611359,,0,,,45887,208877,880702,2223374,ITH,ITH2
2024-09-27T17:00:00,ITA,01,Piemonte,45.0732745,7.680687483,158,1,159,57453,57612,102,157,1742431,13933,,,1813976,22810374,4569932,,0,,,520175,1293801,5157381,17652993,ITC,ITC1
2024-09-27T17:00:00,ITA,16,Puglia,41.12559576,16.86736689,8,0,8,2377,2385,34,61,1689939,10125,,,1702449,14803236,3062093,,0,,,515583,1186866,4895584,9907652,ITF,ITF4
2024-09-27T17:00:00,ITA,20,Sardegna,39.21531192,9.110616306,38,1,39,13324,13363,2,8,514193,2980,,,530536,5620889,1768000,,0,,,180340,350196,2248128,3372761,ITG,ITG2
2024-09-27T17:00:00,ITA,19,Sicilia,38.11569725,13.3623567,82,4,86,1426,1512,-2,3,1822076,13127,,,1836715,16984074,11319878,,0,,,543681,1293034,5513249,11470825,ITG,ITG1
2024-09-27T17:00:00,ITA,09,Toscana,43.76923077,11.25588885,151,5,156,1127,1283,72,84,1650588,12628,,,1664499,17504982,5491012,,1,,,736282,928217,7166207,10338775,ITI,ITI1
2024-09-27T17:00:00,ITA,10,Umbria,43.10675841,12.38824698,67,0,67,983,1050,1,34,458312,2534,,,461896,5202680,833494,"Si fa presente che dei 67 ricoveri non in T.I.: - 24 appartengono alle discipline di area medica (COD.24, COD.26, COD.68, COD.94) - 43 ricoveri appartengono ad altre discipline ospedaliere.",0,,,160925,300971,1766030,3436650,ITI,ITI2
2024-09-27T17:00:00,ITA,02,Valle d'Aosta,45.73750286,7.320149366,0,0,0,26,26,6,6,52069,592,,,52687,611677,149543,,0,,,16498,36189,146784,464893,ITC,ITC2
2024-09-27T17:00:00,ITA,05,Veneto,45.43490485,12.33845213,252,10,262,11344,11606,130,298,2830223,17550,,,2859379,39626950,5471489,Nei valori riportati per le terapie intensive si è verificato un disallineamento temporale del flusso informativo pertanto per convenzione è stato riportato  1 dimessi da TI  invece del n. 0 effettivi che include anche i negativizzati.,1,,,1162013,1697366,12283597,27343353,ITH,ITH3
