data,stato,codice_regione,denominazione_regione,lat,long,ricoverati_con_sintomi,terapia_intensiva,totale_ospedalizzati,isolamento_domiciliare,totale_positivi,variazione_totale_positivi,nuovi_positivi,dimessi_guariti,deceduti,casi_da_sospetto_diagnostico,casi_da_screening,totale_casi,tamponi,casi_testati,note,ingressi_terapia_intensiva,note_test,note_casi,totale_positivi_test_molecolare,totale_positivi_test_antigenico_rapido,tamponi_test_molecolare,tamponi_test_antigenico_rapido,codice_nuts_1,codice_nuts_2
2021-09-27T17:00:00,ITA,13,Abruzzo,42.35122196,13.39843823,62,5,67,1825,1892,-41,8,76631,2544,,,81067,2216082,839983,"Del totale dei decessi comunicati in data odierna, 2 casi sono avvenuti nei giorni scorsi",1,,,81067,0,1400497,815585,ITF,ITF1
2021-09-27T17:00:00,ITA,17,Basilicata,40.63947052,15.80514834,48,3,51,1134,1185,-15,1,28162,613,,,29960,459988,235904,"Il numero totale dei decessi ne comprende n. 23 a carico di pazienti non residenti, deceduti in strutture ospedaliere della Regione Basilicata.",0,,,29960,0,437701,22287,ITF,ITF5
2021-09-27T17:00:00,ITA,18,Calabria,38.90597598,16.59440194,159,13,172,3805,3977,-81,107,78003,1398,,,83378,1181479,1046178,"L' ASP di Cosenza comunica :"" Nel setting fuori regione si segnala il trasferimento di 1 ricoverato da Pneumologia AO CS in Terapia Intensiva AO CS ed 1 guarito tra i casi a domicilio""										 L' ASP di Reggio Calabria comunica nr. 17 positivi fuori regione.										",1,,,83362,16,1035098,146381,ITF,ITF6
2021-09-27T17:00:00,ITA,15,Campania,40.83956555,14.25084984,258,19,277,7025,7302,-244,173,440327,7907,,,455536,6556370,3519245,,4,,Un decesso registrato in data odierna è riconducibile al 15/04/2021,443948,11588,5214575,1341795,ITF,ITF3
2021-09-27T17:00:00,ITA,08,Emilia-Romagna,44.49436681,11.3417208,390,47,437,13505,13942,0,289,395535,13462,,,422939,8756810,2078895,"Sono stati eliminati 2 casi, positivi a test antigenico ma non confermati da tampone molecolare.",2,,,422577,362,5794332,2962478,ITH,ITH5
2021-09-27T17:00:00,ITA,06,Friuli Venezia Giulia,45.6494354,13.76813649,41,8,49,1006,1055,-40,16,108637,3817,,,113509,2701436,797683,,0,,,98234,15275,2101793,599643,ITH,ITH4
2021-09-27T17:00:00,ITA,12,Lazio,41.89277044,12.48366722,393,59,452,9624,10076,-166,217,364968,8642,,,383686,9043217,4652194,,1,,,374605,9081,5485914,3557303,ITI,ITI4
2021-09-27T17:00:00,ITA,07,Liguria,44.41149315,8.9326992,54,8,62,1036,1098,-25,3,106940,4407,,,112445,2297653,850919,In Regione Liguria la positività al test antigenico rapido è seguita da conferma con test molecolare. Si segnalano in data odierna problemi tecnici di natura informatica  a causa del maltempo che non hanno consentito la completa trasmissione dei dati ad A.Li.Sa. I dati potrebbero risultare parziali e saranno integrati quanto prima.,0,,*di cui 30 reinfezioni a partire dal 3/09/2021 [circ. min sal. n.37911 del 20/08/2021].  ,112445,0,1623173,674480,ITC,ITC3
2021-09-27T17:00:00,ITA,03,Lombardia,45.46679409,9.190347404,389,62,451,10412,10863,10,136,837671,34026,,,882560,14841134,5428815,,6,,,818097,64463,10678987,4162147,ITC,ITC4
2021-09-27T17:00:00,ITA,11,Marche,43.61675973,13.5188753,55,21,76,2578,2654,-8,26,107917,3072,,,113643,1535929,894113,,0,,,113643,0,1334914,201015,ITI,ITI3
2021-09-27T17:00:00,ITA,14,Molise,41.55774754,14.65916051,2,2,4,145,149,-5,0,13849,496,,,14494,272775,239032,,0,,,14494,0,259745,13030,ITF,ITF2
2021-09-27T17:00:00,ITA,21,P.A. Bolzano,46.49933453,11.35662422,24,9,33,795,828,-77,5,74695,1192,,,76715,2048249,477853,,0,,5 nuovi positivi di cui 2 test antigenici confermati da test molecolare	 ,63483,13232,649495,1398754,ITH,ITH1
2021-09-27T17:00:00,ITA,22,P.A. Trento,46.06893511,11.12123097,20,2,22,313,335,-32,5,46571,1372,,,48278,1087941,320676,,0,,,33627,14651,717807,370134,ITH,ITH2
2021-09-27T17:00:00,ITA,01,Piemonte,45.0732745,7.680687483,208,25,233,3517,3750,-44,118,362928,11758,,,378436,6613469,2388860,,3,,,357577,20859,3472259,3141210,ITC,ITC1
2021-09-27T17:00:00,ITA,16,Puglia,41.12559576,16.86736689,164,18,182,2684,2866,-76,57,258599,6779,,,268244,3634267,1431646,,0,,,267044,1200,2751996,882271,ITF,ITF4
2021-09-27T17:00:00,ITA,20,Sardegna,39.21531192,9.110616306,143,15,158,2390,2548,-79,21,70907,1635,,,75090,1872053,1029366,,1,,Si segnala il decesso dei paz.:  - 1 uomo 82 aa Residente nella Città Metropolitana di Cagliari  - 1 uomo 63 aa Residente nella Provincia di Sassari ,74986,104,1233190,638863,ITG,ITG2
2021-09-27T17:00:00,ITA,19,Sicilia,38.11569725,13.3623567,543,72,615,16218,16833,-170,227,273124,6792,,,296749,6237097,2384397,,0,,,296749,0,3180870,3056227,ITG,ITG1
2021-09-27T17:00:00,ITA,09,Toscana,43.76923077,11.25588885,284,50,334,7026,7360,-80,164,266943,7148,,,281451,6333214,2838527,,3,,,276809,4642,4515431,1817783,ITI,ITI1
2021-09-27T17:00:00,ITA,10,Umbria,43.10675841,12.38824698,41,2,43,916,959,-32,18,61266,1448,,,63673,1916350,438398,,0,,,63673,0,1125084,791266,ITI,ITI2
2021-09-27T17:00:00,ITA,02,Valle d'Aosta,45.73750286,7.320149366,3,0,3,60,63,-1,0,11573,474,,,12110,185423,85659,,0,,,11297,813,108724,76699,ITC,ITC2
2021-09-27T17:00:00,ITA,05,Veneto,45.43490485,12.33845213,206,48,254,11091,11345,42,181,445019,11760,,,468124,11731993,2089575, Il dato dei casi confermati da test antigenico è diminuito rispetto a ieri in quanto i test confermati da molecolari sono stati ricollocati. Nei valori riportati per le terapie intensive si è verificato un disallineamento temporale del flusso informativo pertanto per convenzione è stato riportato  6 dimessi da TI  invece del n. 5 effettivi che include anche i negativizzati.,7,,,453800,14324,6666127,5065866,ITH,ITH3
