data,stato,codice_regione,denominazione_regione,lat,long,ricoverati_con_sintomi,terapia_intensiva,totale_ospedalizzati,isolamento_domiciliare,totale_positivi,variazione_totale_positivi,nuovi_positivi,dimessi_guariti,deceduti,casi_da_sospetto_diagnostico,casi_da_screening,totale_casi,tamponi,casi_testati,note,ingressi_terapia_intensiva,note_test,note_casi,totale_positivi_test_molecolare,totale_positivi_test_antigenico_rapido,tamponi_test_molecolare,tamponi_test_antigenico_rapido,codice_nuts_1,codice_nuts_2
2024-06-02T17:00:00,ITA,13,Abruzzo,42.35122196,13.39843823,4,0,4,846,850,0,0,684197,4094,,,689141,7713165,1394424,,0,,,264198,424943,2651221,5061944,ITF,ITF1
2024-06-02T17:00:00,ITA,17,Basilicata,40.63947052,15.80514834,0,0,0,9875,9875,0,0,191615,1055,,,202545,1378925,411543,Il dato relativo al numero dei “Casi in isolamento domiciliare” ed ai “Guariti” non è reale ed è in corso di revisione.,0,,,71288,131257,704044,674881,ITF,ITF5
2024-06-02T17:00:00,ITA,18,Calabria,38.90597598,16.59440194,2,0,2,3416,3418,4,4,648222,3677,,,655317,4556956,3570722,,0,,,204368,450949,1966363,2590593,ITF,ITF6
2024-06-02T17:00:00,ITA,15,Campania,40.83956555,14.25084984,70,3,73,4697,4770,12,12,2531991,12146,,,2548907,22043274,5549349,,0,,,959979,1588928,9767838,12275436,ITF,ITF3
2024-06-02T17:00:00,ITA,08,Emilia-Romagna,44.49436681,11.3417208,47,2,49,364,413,5,5,2190450,20042,,,2210905,20159238,3006111,"Il dato odierno dei casi per la provincia, risultato negativo rispetto a quello comunicato ieri, è determinato dalla revisione delle posizioni anagrafiche dei casi precedentemente inseriti.",0,,,1100199,1110706,10834607,9324631,ITH,ITH5
2024-06-02T17:00:00,ITA,06,Friuli Venezia Giulia,45.6494354,13.76813649,11,1,12,289,301,1,0,592053,6462,,,598816,7899026,1281893,,0,,,242524,356292,3899955,3999071,ITH,ITH4
2024-06-02T17:00:00,ITA,12,Lazio,41.89277044,12.48366722,58,4,62,61302,61364,34,44,2457839,13271,,,2532474,27675070,6292531,,0,,,1043086,1489388,9765002,17910068,ITI,ITI4
2024-06-02T17:00:00,ITA,07,Liguria,44.41149315,8.9326992,8,1,9,0,9,2,5,684267,6019,,,690295,7164251,1553185,"Si segnala che in seguito all’automatizzazione nella gestione dei database relativi alla sorveglianza COVID-19, sono possibili variazioni delle anagrafiche che possono generare eventuali riduzioni rispetto ai dati comunicati nelle giornate precedenti.",0,,*di cui 61087  reinfezioni a partire dal 3/09/2021 [circ. min sal. n.37911 del 20/08/2021].,288510,401785,2715673,4448578,ITC,ITC3
2024-06-02T17:00:00,ITA,03,Lombardia,45.46679409,9.190347404,28,2,30,518,548,20,26,4292980,47928,,,4341456,47354133,9489547,,0,,,1553483,2787973,17221764,30132369,ITC,ITC4
2024-06-02T17:00:00,ITA,11,Marche,43.61675973,13.5188753,7,0,7,0,7,0,0,732488,4560,,,737055,3807486,2805128,,0,,,223418,513637,2020964,1786522,ITI,ITI3
2024-06-02T17:00:00,ITA,14,Molise,41.55774754,14.65916051,0,0,0,0,0,0,0,104779,798,,,105577,856172,806887,,0,,,31120,74457,556212,299960,ITF,ITF2
2024-06-02T17:00:00,ITA,21,P.A. Bolzano,46.49933453,11.35662422,1,0,1,0,1,0,0,299375,1671,,,301047,5629625,871224,"0 nuovi positivi di cui 0 test antigenici confermati da test molecolare, 0 casi diagnosticati con test antigenico e 0 nuovi positivi al test PCR.",0,,"0 nuovi positivi di cui 0 test antigenici confermati da test molecolare, 0 casi diagnosticati con test antigenico e 0 nuovi positivi al test PCR.",87661,213386,945449,4684176,ITH,ITH1
2024-06-02T17:00:00,ITA,22,P.A. Trento,46.06893511,11.12123097,6,0,6,7,13,2,2,251820,1681,,,253514,3096790,610550,,0,,,45816,207698,880196,2216594,ITH,ITH2
2024-06-02T17:00:00,ITA,01,Piemonte,45.0732745,7.680687483,60,1,61,53270,53331,-1,0,1737347,13928,,,1804606,22649833,4545477,,0,,,519916,1284690,5153374,17496459,ITC,ITC1
2024-06-02T17:00:00,ITA,16,Puglia,41.12559576,16.86736689,4,0,4,157,161,3,5,1678452,10088,,,1688701,14702743,3048404,,0,,,515256,1173445,4893022,9809721,ITF,ITF4
2024-06-02T17:00:00,ITA,20,Sardegna,39.21531192,9.110616306,23,1,24,9547,9571,2,2,514014,2977,,,526562,5596827,1767747,,0,,,180340,346222,2247793,3349034,ITG,ITG2
2024-06-02T17:00:00,ITA,19,Sicilia,38.11569725,13.3623567,55,2,57,896,953,1,1,1820895,13060,,,1834908,16972461,11308519,,0,,,543202,1291706,5504161,11468300,ITG,ITG1
2024-06-02T17:00:00,ITA,09,Toscana,43.76923077,11.25588885,25,2,27,239,266,11,11,1641386,12505,,,1654157,17398186,5479228,,0,,,732649,921508,7153704,10244482,ITI,ITI1
2024-06-02T17:00:00,ITA,10,Umbria,43.10675841,12.38824698,11,1,12,525,537,3,3,456070,2532,,,459139,5182390,830614,"Si fa presente che dei 11 ricoveri non in T.I.: - 4 appartengono alle discipline di area medica (COD.24, COD.26, COD.68, COD.94) - 7 ricoveri appartengono ad altre discipline ospedaliere.",0,,,160700,298439,1765127,3417263,ITI,ITI2
2024-06-02T17:00:00,ITA,02,Valle d'Aosta,45.73750286,7.320149366,1,0,1,7,8,0,0,51882,591,,,52481,608801,149028,,0,,,16500,35981,146769,462032,ITC,ITC2
2024-06-02T17:00:00,ITA,05,Veneto,45.43490485,12.33845213,166,8,174,9673,9847,-2,23,2814797,17492,,,2842136,39476433,5458922,Si segnala che è presente un delta negativo registrato per i casi positivi nella provincia di Verona. Dall'analisi effettuata emerge che il delta negativo registrato è un risultato fisiologico dell’elaborazione che registra pochi casi nuovi di positività e che può essere indotto in particolare da un cambio domicilio/residenza o variazioni inviate sugli episodi precedenti.,0,,,1150692,1691444,12236983,27239450,ITH,ITH3
